/*--------------------------------*- C++ -*----------------------------------*\
| =========                 |                                                 |
| \\      /  F ield         | OpenFOAM: The Open Source CFD Toolbox           |
|  \\    /   O peration     | Version:  v3.0+                                 |
|   \\  /    A nd           | Web:      www.OpenFOAM.com                      |
|    \\/     M anipulation  |                                                 |
\*---------------------------------------------------------------------------*/
FoamFile
{
    version     2.0;
    format      ascii;
    class       faceList;
    location    "constant/polyMesh";
    object      faces;
}
// * * * * * * * * * * * * * * * * * * * * * * * * * * * * * * * * * * * * * //


885
(
3(118 0 224)
3(118 224 41)
3(3 120 226)
3(33 226 120)
3(38 204 98)
3(37 98 204)
3(40 210 104)
3(39 104 210)
3(34 106 212)
3(35 212 106)
3(37 230 124)
3(36 124 230)
3(40 152 258)
3(41 258 152)
3(34 260 154)
3(33 154 260)
3(38 144 250)
3(39 250 144)
3(35 146 252)
3(36 252 146)
4(96 174 280 202)
4(96 202 223 117)
4(174 117 223 280)
4(1 119 225 4)
4(15 51 225 119)
4(119 225 50 14)
4(2 121 227 5)
4(24 60 227 121)
4(121 227 59 23)
4(116 222 264 158)
4(94 158 264 200)
4(116 94 200 222)
4(114 220 265 159)
4(95 159 265 201)
4(114 95 201 220)
4(115 221 267 161)
4(97 161 267 203)
4(115 97 203 221)
4(96 91 197 202)
4(91 174 280 197)
4(92 136 242 198)
4(95 92 198 201)
4(95 201 242 136)
4(136 242 243 137)
4(92 137 243 198)
4(75 134 240 181)
4(94 75 181 200)
4(94 200 240 134)
4(77 135 241 183)
4(96 77 183 202)
4(96 202 241 135)
4(114 220 180 74)
4(159 74 180 265)
4(115 221 182 76)
4(161 76 182 267)
4(116 222 196 90)
4(158 90 196 264)
4(131 237 218 112)
4(131 87 193 237)
4(87 112 218 193)
4(112 72 178 218)
4(72 131 237 178)
4(114 220 234 128)
4(85 128 234 191)
4(114 85 191 220)
4(29 65 206 100)
4(28 100 206 64)
4(11 47 205 99)
4(10 99 205 46)
4(20 56 207 101)
4(19 101 207 55)
4(145 251 206 100)
4(145 29 65 251)
4(148 254 205 99)
4(148 11 47 254)
4(149 255 207 101)
4(149 20 56 255)
4(75 162 268 181)
4(134 240 268 162)
4(77 163 269 183)
4(135 241 269 163)
4(160 91 197 266)
4(160 266 202 96)
4(72 114 220 178)
4(128 72 178 234)
4(116 222 242 136)
4(90 136 242 196)
4(97 93 199 203)
4(97 203 276 170)
4(93 170 276 199)
4(138 75 181 244)
4(138 244 200 94)
4(139 92 198 245)
4(139 245 201 95)
4(140 77 183 246)
4(140 246 202 96)
4(141 93 199 247)
4(141 247 203 97)
4(69 136 242 175)
4(137 69 175 243)
4(98 83 189 204)
4(83 144 250 189)
4(98 204 250 144)
4(100 87 193 206)
4(87 145 251 193)
4(99 86 192 205)
4(86 148 254 192)
4(101 89 195 207)
4(89 149 255 195)
4(7 102 208 43)
4(8 44 208 102)
4(16 103 209 52)
4(17 53 209 103)
4(31 67 211 105)
4(30 105 211 66)
4(25 107 213 61)
4(26 62 213 107)
4(13 49 214 108)
4(12 108 214 48)
4(22 58 215 109)
4(21 109 215 57)
4(115 221 239 133)
4(88 133 239 194)
4(115 88 194 221)
4(69 116 222 175)
4(73 115 221 179)
4(133 73 179 239)
4(28 125 231 64)
4(100 206 231 125)
4(10 122 228 46)
4(99 205 228 122)
4(19 123 229 55)
4(101 207 229 123)
4(104 210 232 126)
4(104 83 189 210)
4(83 126 232 189)
4(128 234 212 106)
4(85 106 212 191)
4(108 214 233 127)
4(108 86 192 214)
4(86 127 233 192)
4(109 215 235 129)
4(109 89 195 215)
4(89 129 235 195)
4(164 74 180 270)
4(164 270 204 98)
4(74 98 204 180)
4(165 76 182 271)
4(165 271 206 100)
4(76 100 206 182)
4(162 268 205 99)
4(75 99 205 181)
4(163 269 207 101)
4(77 101 207 183)
4(137 97 203 243)
4(137 243 276 170)
4(138 244 217 111)
4(91 111 217 197)
4(138 91 197 244)
4(93 113 219 199)
4(140 246 219 113)
4(140 93 199 246)
4(113 219 247 141)
4(112 218 245 139)
4(112 92 198 218)
4(102 208 236 130)
4(78 130 236 184)
4(102 78 184 208)
4(103 209 238 132)
4(79 132 238 185)
4(103 79 185 209)
4(131 237 211 105)
4(131 80 186 237)
4(80 105 211 186)
4(107 213 239 133)
4(81 133 239 187)
4(107 81 187 213)
4(111 75 181 217)
4(113 77 183 219)
4(139 72 178 245)
4(141 73 179 247)
4(73 113 219 179)
4(27 125 231 63)
4(9 122 228 45)
4(18 123 229 54)
4(114 220 270 164)
4(115 221 271 165)
4(7 150 256 43)
4(102 208 256 150)
4(16 151 257 52)
4(103 209 257 151)
4(153 31 67 259)
4(153 259 211 105)
4(25 155 261 61)
4(107 213 261 155)
4(156 13 49 262)
4(156 262 214 108)
4(157 22 58 263)
4(157 263 215 109)
4(84 103 209 190)
4(132 84 190 238)
4(82 102 208 188)
4(130 82 188 236)
4(88 107 213 194)
4(105 87 193 211)
4(126 78 184 232)
4(78 104 210 184)
4(127 79 185 233)
4(79 108 214 185)
4(80 128 234 186)
4(106 80 186 212)
4(129 81 187 235)
4(81 109 215 187)
4(6 150 256 42)
4(15 151 257 51)
4(32 68 259 153)
4(24 155 261 60)
4(14 50 262 156)
4(23 59 263 157)
4(164 270 230 124)
4(98 124 230 204)
4(165 271 231 125)
4(162 268 228 122)
4(163 269 229 123)
4(150 256 224 118)
4(6 118 224 42)
4(151 257 225 119)
4(120 226 259 153)
4(120 32 68 226)
4(155 261 227 121)
4(119 225 262 156)
4(121 227 263 157)
4(130 236 232 126)
4(128 234 237 131)
4(132 238 233 127)
4(133 239 235 129)
4(111 217 266 160)
4(110 90 196 216)
4(110 216 264 158)
4(159 265 216 110)
4(159 90 196 265)
4(161 267 218 112)
4(161 92 198 267)
4(99 205 273 167)
4(75 167 273 181)
4(167 86 192 273)
4(166 272 204 98)
4(166 83 189 272)
4(74 166 272 180)
4(101 207 275 169)
4(77 169 275 183)
4(169 89 195 275)
4(168 274 206 100)
4(168 87 193 274)
4(76 168 274 182)
4(148 254 214 108)
4(142 248 208 102)
4(142 8 44 248)
4(143 249 209 103)
4(143 17 53 249)
4(149 255 215 109)
4(12 148 254 48)
4(144 250 210 104)
4(21 149 255 57)
4(105 211 251 145)
4(30 145 251 66)
4(147 253 213 107)
4(147 26 62 253)
4(85 146 252 191)
4(106 212 252 146)
4(82 142 248 188)
4(88 147 253 194)
4(84 143 249 190)
4(134 240 264 158)
4(70 158 264 176)
4(134 70 176 240)
4(135 241 266 160)
4(71 160 266 177)
4(135 71 177 241)
4(135 241 238 132)
4(135 84 190 241)
4(134 240 236 130)
4(134 82 188 240)
4(70 110 216 176)
4(71 111 217 177)
4(110 74 180 216)
4(112 76 182 218)
4(136 242 265 159)
4(137 243 267 161)
4(132 71 177 238)
4(130 70 176 236)
4(150 78 184 256)
4(151 79 185 257)
4(78 152 258 184)
4(104 210 258 152)
4(79 156 262 185)
4(80 153 259 186)
4(154 80 186 260)
4(154 260 212 106)
4(155 81 187 261)
4(81 157 263 187)
4(139 245 220 114)
4(141 247 221 115)
4(126 70 176 232)
4(127 71 177 233)
4(129 73 179 235)
4(138 244 222 116)
4(116 91 197 222)
4(140 246 223 117)
4(117 93 199 223)
4(166 272 216 110)
4(167 273 217 111)
4(112 218 274 168)
4(169 275 219 113)
4(110 216 277 171)
4(70 171 277 176)
4(111 217 278 172)
4(71 172 278 177)
4(113 219 279 173)
4(73 173 279 179)
4(83 171 277 189)
4(126 232 277 171)
4(86 172 278 192)
4(127 233 278 172)
4(89 173 279 195)
4(129 235 279 173)
4(164 85 191 270)
4(165 88 194 271)
4(166 272 277 171)
4(167 273 278 172)
4(169 275 279 173)
4(118 78 184 224)
4(152 258 224 118)
4(119 79 185 225)
4(120 80 186 226)
4(120 226 260 154)
4(121 81 187 227)
4(122 228 248 142)
4(9 142 248 45)
4(123 229 249 143)
4(18 143 249 54)
4(82 122 228 188)
4(84 123 229 190)
4(85 124 230 191)
4(146 252 230 124)
4(125 231 253 147)
4(27 147 253 63)
4(88 125 231 194)
4(162 82 188 268)
4(163 84 190 269)
4(117 69 175 223)
4(117 223 276 170)
4(69 170 276 175)
4(69 174 280 175)
4(116 222 280 174)
3(118 41 0)
3(33 120 3)
3(38 98 37)
3(40 104 39)
3(35 106 34)
3(37 124 36)
3(41 152 40)
3(34 154 33)
3(39 144 38)
3(36 146 35)
3(96 117 174)
3(15 119 1)
3(119 14 1)
3(24 121 2)
3(121 23 2)
3(116 158 94)
3(114 159 95)
3(115 161 97)
3(96 174 91)
3(95 136 92)
3(136 137 92)
3(94 134 75)
3(96 135 77)
3(114 74 159)
3(115 76 161)
3(116 90 158)
3(131 112 87)
3(112 131 72)
3(114 128 85)
3(29 100 28)
3(11 99 10)
3(20 101 19)
3(145 100 29)
3(148 99 11)
3(149 101 20)
3(134 162 75)
3(135 163 77)
3(160 96 91)
3(128 114 72)
3(116 136 90)
3(97 170 93)
3(138 94 75)
3(139 95 92)
3(140 96 77)
3(141 97 93)
3(137 136 69)
3(98 144 83)
3(100 145 87)
3(99 148 86)
3(101 149 89)
3(8 102 7)
3(17 103 16)
3(31 105 30)
3(26 107 25)
3(13 108 12)
3(22 109 21)
3(115 133 88)
3(136 116 69)
3(133 115 73)
3(100 125 28)
3(99 122 10)
3(101 123 19)
3(104 126 83)
3(128 106 85)
3(108 127 86)
3(109 129 89)
3(164 98 74)
3(165 100 76)
3(162 99 75)
3(163 101 77)
3(137 170 97)
3(138 111 91)
3(140 113 93)
3(113 141 93)
3(112 139 92)
3(102 130 78)
3(103 132 79)
3(131 105 80)
3(107 133 81)
3(111 138 75)
3(113 140 77)
3(139 112 72)
3(141 113 73)
3(28 125 27)
3(10 122 9)
3(19 123 18)
3(114 164 74)
3(115 165 76)
3(102 150 7)
3(103 151 16)
3(153 105 31)
3(107 155 25)
3(156 108 13)
3(157 109 22)
3(132 103 84)
3(130 102 82)
3(133 107 88)
3(105 131 87)
3(126 104 78)
3(127 108 79)
3(106 128 80)
3(129 109 81)
3(7 150 6)
3(16 151 15)
3(32 153 31)
3(25 155 24)
3(14 156 13)
3(23 157 22)
3(164 124 98)
3(165 125 100)
3(162 122 99)
3(163 123 101)
3(150 118 6)
3(151 119 15)
3(120 153 32)
3(155 121 24)
3(119 156 14)
3(121 157 23)
3(130 126 78)
3(128 131 80)
3(132 127 79)
3(133 129 81)
3(111 160 91)
3(110 158 90)
3(159 110 90)
3(161 112 92)
3(99 167 75)
3(167 99 86)
3(166 98 83)
3(98 166 74)
3(101 169 77)
3(169 101 89)
3(168 100 87)
3(100 168 76)
3(148 108 86)
3(142 102 8)
3(143 103 17)
3(149 109 89)
3(108 148 12)
3(144 104 83)
3(109 149 21)
3(105 145 30)
3(147 107 26)
3(106 146 85)
3(145 105 87)
3(102 142 82)
3(107 147 88)
3(103 143 84)
3(134 158 70)
3(158 134 94)
3(135 160 71)
3(160 135 96)
3(135 132 84)
3(134 130 82)
3(158 110 70)
3(160 111 71)
3(110 159 74)
3(112 161 76)
3(136 159 90)
3(159 136 95)
3(137 161 92)
3(161 137 97)
3(132 135 71)
3(130 134 70)
3(150 102 78)
3(151 103 79)
3(104 152 78)
3(108 156 79)
3(105 153 80)
3(154 106 80)
3(155 107 81)
3(109 157 81)
3(139 114 95)
3(114 139 72)
3(141 115 97)
3(115 141 73)
3(126 130 70)
3(127 132 71)
3(131 128 72)
3(129 133 73)
3(138 116 94)
3(116 138 91)
3(140 117 96)
3(117 140 93)
3(166 110 74)
3(167 111 75)
3(112 168 87)
3(168 112 76)
3(169 113 77)
3(110 171 70)
3(111 172 71)
3(113 173 73)
3(126 171 83)
3(127 172 86)
3(129 173 89)
3(164 114 85)
3(165 115 88)
3(166 171 110)
3(167 172 111)
3(169 173 113)
3(118 150 78)
3(152 118 78)
3(119 151 79)
3(156 119 79)
3(120 154 80)
3(153 120 80)
3(121 155 81)
3(157 121 81)
3(171 166 83)
3(172 167 86)
3(173 169 89)
3(122 142 9)
3(123 143 18)
3(142 122 82)
3(143 123 84)
3(146 124 85)
3(125 147 27)
3(147 125 88)
3(162 134 82)
3(163 135 84)
3(9 142 8)
3(18 143 17)
3(30 145 29)
3(27 147 26)
3(12 148 11)
3(21 149 20)
3(117 170 69)
3(116 174 69)
3(174 117 69)
3(170 117 93)
3(122 162 82)
3(123 163 84)
3(124 164 85)
3(125 165 88)
3(174 116 91)
3(172 127 71)
3(171 126 70)
3(173 129 73)
3(170 137 69)
3(118 0 6)
3(32 3 120)
3(98 38 144)
3(124 37 98)
3(104 40 152)
3(154 34 106)
3(152 41 118)
3(120 33 154)
3(144 39 104)
3(106 35 146)
3(146 36 124)
4(1 14 50 4)
4(11 10 46 47)
4(8 7 43 44)
4(13 12 48 49)
4(10 9 45 46)
4(7 6 42 43)
4(14 13 49 50)
4(9 8 44 45)
4(12 11 47 48)
3(42 6 0)
4(24 2 5 60)
4(29 28 64 65)
4(31 30 66 67)
4(26 25 61 62)
4(28 27 63 64)
4(32 31 67 68)
4(25 24 60 61)
4(30 29 65 66)
4(27 26 62 63)
3(68 3 32)
3(0 41 224)
3(33 3 226)
3(38 37 204)
3(40 39 210)
3(35 34 212)
3(37 36 230)
3(41 40 258)
3(34 33 260)
3(39 38 250)
3(36 35 252)
3(202 280 223)
3(51 4 225)
3(225 4 50)
3(60 5 227)
3(227 5 59)
3(222 200 264)
3(220 201 265)
3(221 203 267)
3(202 197 280)
3(201 198 242)
3(242 198 243)
3(200 181 240)
3(202 183 241)
3(220 265 180)
3(221 267 182)
3(222 264 196)
3(237 193 218)
3(218 178 237)
3(220 191 234)
3(65 64 206)
3(47 46 205)
3(56 55 207)
3(251 65 206)
3(254 47 205)
3(255 56 207)
3(240 181 268)
3(241 183 269)
3(266 197 202)
3(234 178 220)
3(222 196 242)
3(203 199 276)
3(244 181 200)
3(245 198 201)
3(246 183 202)
3(247 199 203)
3(243 175 242)
3(204 189 250)
3(206 193 251)
3(205 192 254)
3(207 195 255)
3(44 43 208)
3(53 52 209)
3(67 66 211)
3(62 61 213)
3(49 48 214)
3(58 57 215)
3(221 194 239)
3(242 175 222)
3(239 179 221)
3(206 64 231)
3(205 46 228)
3(207 55 229)
3(210 189 232)
3(234 191 212)
3(214 192 233)
3(215 195 235)
3(270 180 204)
3(271 182 206)
3(268 181 205)
3(269 183 207)
3(243 203 276)
3(244 197 217)
3(246 199 219)
3(219 199 247)
3(218 198 245)
3(208 184 236)
3(209 185 238)
3(237 186 211)
3(213 187 239)
3(217 181 244)
3(219 183 246)
3(245 178 218)
3(247 179 219)
3(64 63 231)
3(46 45 228)
3(55 54 229)
3(220 180 270)
3(221 182 271)
3(208 43 256)
3(209 52 257)
3(259 67 211)
3(213 61 261)
3(262 49 214)
3(263 58 215)
3(238 190 209)
3(236 188 208)
3(239 194 213)
3(211 193 237)
3(232 184 210)
3(233 185 214)
3(212 186 234)
3(235 187 215)
3(43 42 256)
3(52 51 257)
3(68 67 259)
3(61 60 261)
3(50 49 262)
3(59 58 263)
3(270 204 230)
3(271 206 231)
3(268 205 228)
3(269 207 229)
3(256 42 224)
3(257 51 225)
3(226 68 259)
3(261 60 227)
3(225 50 262)
3(227 59 263)
3(236 184 232)
3(234 186 237)
3(238 185 233)
3(239 187 235)
3(217 197 266)
3(216 196 264)
3(265 196 216)
3(267 198 218)
3(205 181 273)
3(273 192 205)
3(272 189 204)
3(204 180 272)
3(207 183 275)
3(275 195 207)
3(274 193 206)
3(206 182 274)
3(254 192 214)
3(248 44 208)
3(249 53 209)
3(255 195 215)
3(214 48 254)
3(250 189 210)
3(215 57 255)
3(211 66 251)
3(253 62 213)
3(212 191 252)
3(251 193 211)
3(208 188 248)
3(213 194 253)
3(209 190 249)
3(240 176 264)
3(264 200 240)
3(241 177 266)
3(266 202 241)
3(241 190 238)
3(240 188 236)
3(264 176 216)
3(266 177 217)
3(216 180 265)
3(218 182 267)
3(242 196 265)
3(265 201 242)
3(243 198 267)
3(267 203 243)
3(238 177 241)
3(236 176 240)
3(256 184 208)
3(257 185 209)
3(210 184 258)
3(214 185 262)
3(211 186 259)
3(260 186 212)
3(261 187 213)
3(215 187 263)
3(245 201 220)
3(220 178 245)
3(247 203 221)
3(221 179 247)
3(232 176 236)
3(233 177 238)
3(237 178 234)
3(235 179 239)
3(244 200 222)
3(222 197 244)
3(246 202 223)
3(223 199 246)
3(272 180 216)
3(273 181 217)
3(218 193 274)
3(274 182 218)
3(275 183 219)
3(216 176 277)
3(217 177 278)
3(219 179 279)
3(232 189 277)
3(233 192 278)
3(235 195 279)
3(270 191 220)
3(271 194 221)
3(272 216 277)
3(273 217 278)
3(275 219 279)
3(224 184 256)
3(258 184 224)
3(225 185 257)
3(262 185 225)
3(226 186 260)
3(259 186 226)
3(227 187 261)
3(263 187 227)
3(277 189 272)
3(278 192 273)
3(279 195 275)
3(228 45 248)
3(229 54 249)
3(248 188 228)
3(249 190 229)
3(252 191 230)
3(231 63 253)
3(253 194 231)
3(268 188 240)
3(269 190 241)
3(45 44 248)
3(54 53 249)
3(66 65 251)
3(63 62 253)
3(48 47 254)
3(57 56 255)
3(223 175 276)
3(222 175 280)
3(280 175 223)
3(276 199 223)
3(228 188 268)
3(229 190 269)
3(230 191 270)
3(231 194 271)
3(280 197 222)
3(278 177 233)
3(277 176 232)
3(279 179 235)
3(276 175 243)
3(224 42 0)
3(68 226 3)
3(204 250 38)
3(230 204 37)
3(210 258 40)
3(260 212 34)
3(258 224 41)
3(226 260 33)
3(250 210 39)
3(212 252 35)
3(252 230 36)
4(15 1 4 51)
4(2 23 59 5)
4(20 19 55 56)
4(17 16 52 53)
4(22 21 57 58)
4(19 18 54 55)
4(16 15 51 52)
4(23 22 58 59)
4(18 17 53 54)
4(21 20 56 57)
)


// ************************************************************************* //
