/*--------------------------------*- C++ -*----------------------------------*\
| =========                 |                                                 |
| \\      /  F ield         | OpenFOAM: The Open Source CFD Toolbox           |
|  \\    /   O peration     | Version:  v3.0+                                 |
|   \\  /    A nd           | Web:      www.OpenFOAM.com                      |
|    \\/     M anipulation  |                                                 |
\*---------------------------------------------------------------------------*/
FoamFile
{
    version     2.0;
    format      ascii;
    class       labelList;
    note        "nPoints:292  nCells:250  nFaces:895  nInternalFaces:355";
    location    "constant/polyMesh";
    object      neighbour;
}
// * * * * * * * * * * * * * * * * * * * * * * * * * * * * * * * * * * * * * //


355
(
12
190
239
3
116
6
117
118
5
119
120
122
8
121
123
19
157
188
17
167
180
18
169
182
33
245
14
38
167
41
168
31
37
157
32
39
159
86
164
87
165
35
129
21
99
194
80
186
34
62
203
27
57
28
58
29
59
30
60
42
231
43
232
44
235
45
236
67
227
68
228
128
159
181
186
55
166
40
69
240
78
188
73
180
79
190
72
182
55
249
134
145
138
152
133
140
137
143
88
141
89
142
90
147
91
149
92
148
93
150
94
144
95
146
56
98
204
238
183
187
82
112
83
113
84
114
85
115
100
145
200
102
151
101
140
201
103
143
202
86
112
135
87
113
139
114
132
115
136
169
249
78
128
189
72
79
191
81
80
131
97
124
172
96
126
173
99
125
176
98
127
178
193
196
181
183
199
223
225
219
220
203
204
104
172
105
173
106
174
107
176
108
177
109
178
110
175
111
179
155
160
153
161
154
152
124
174
126
175
125
177
127
179
116
117
118
119
120
121
122
123
243
244
241
242
208
210
209
213
212
214
211
215
184
186
185
187
163
130
162
164
166
165
168
133
193
217
135
216
192
137
196
218
139
194
195
144
153
229
155
230
146
235
147
236
231
151
233
152
232
154
234
224
221
226
222
157
162
171
159
163
170
170
228
171
227
197
198
192
195
167
169
185
184
208
210
209
211
213
212
214
215
181
183
247
246
248
189
245
191
240
205
206
195
207
205
247
206
246
207
248
216
247
217
246
218
248
243
244
216
217
218
209
211
213
215
221
229
222
230
241
242
224
233
243
226
234
244
241
242
239
240
249
239
245
)


// ************************************************************************* //
