/*--------------------------------*- C++ -*----------------------------------*\
| =========                 |                                                 |
| \\      /  F ield         | OpenFOAM: The Open Source CFD Toolbox           |
|  \\    /   O peration     | Version:  v3.0+                                 |
|   \\  /    A nd           | Web:      www.OpenFOAM.com                      |
|    \\/     M anipulation  |                                                 |
\*---------------------------------------------------------------------------*/
FoamFile
{
    version     2.0;
    format      ascii;
    class       labelList;
    note        "nPoints:281  nCells:250  nFaces:885  nInternalFaces:355";
    location    "constant/polyMesh";
    object      owner;
}
// * * * * * * * * * * * * * * * * * * * * * * * * * * * * * * * * * * * * * //


885
(
0
0
1
1
2
2
3
3
4
4
5
5
6
6
7
7
8
8
9
9
10
10
10
11
11
12
13
13
14
15
15
15
16
16
16
17
17
17
18
18
19
19
19
20
20
21
21
21
22
22
22
23
23
24
24
25
25
26
26
26
27
27
28
28
28
29
29
30
30
31
31
32
32
33
33
34
34
35
35
36
36
37
37
38
38
39
39
40
40
40
41
41
42
42
43
43
44
44
45
45
46
46
46
47
47
48
48
49
49
50
50
51
51
52
52
53
53
54
54
55
55
56
56
56
57
58
58
59
59
60
60
61
61
62
62
62
63
63
64
64
64
65
65
65
66
66
66
67
67
67
68
68
69
69
70
70
71
71
71
72
72
72
73
74
74
75
75
75
76
76
76
77
77
77
78
78
78
79
80
81
82
82
83
84
85
86
87
88
88
89
89
90
90
91
91
92
92
93
93
94
94
95
95
96
97
98
98
99
99
100
100
101
101
102
103
104
105
106
107
108
108
109
110
111
112
112
113
114
114
115
116
117
118
119
120
121
122
123
123
124
124
125
125
126
126
127
128
128
129
130
130
131
132
132
133
134
135
135
136
136
137
138
139
140
141
141
142
142
143
143
145
146
147
148
148
148
150
150
150
152
152
153
153
154
155
156
157
158
160
162
163
164
165
166
166
167
168
169
169
170
171
172
174
176
177
179
180
181
182
183
184
185
186
188
189
189
190
190
191
191
192
192
193
193
194
194
195
196
197
198
199
200
201
202
204
204
206
211
211
212
212
213
214
215
215
216
216
217
218
219
226
226
226
227
227
0
1
2
3
4
5
6
7
8
9
10
11
12
13
14
15
16
17
18
19
20
21
22
23
24
25
26
27
28
29
30
31
32
33
34
35
36
37
38
39
40
41
42
43
44
45
46
47
48
49
50
51
52
53
54
55
56
57
58
59
60
61
62
63
64
65
66
67
68
69
70
71
72
73
74
75
76
77
78
79
80
81
82
83
84
85
86
87
88
89
90
91
92
93
94
95
96
97
98
99
100
101
102
103
104
105
106
107
108
109
110
111
112
113
114
115
116
117
118
119
120
121
122
123
124
125
126
127
128
129
130
131
132
133
134
135
136
137
138
139
140
141
142
143
144
145
146
147
148
149
150
151
152
153
154
155
156
157
158
159
160
161
162
163
164
165
166
167
168
169
170
171
172
173
174
175
176
177
178
179
180
181
182
183
184
185
186
187
188
189
190
191
192
193
194
195
196
197
198
199
200
201
202
203
204
205
206
207
208
209
210
211
212
213
214
215
216
217
218
219
220
221
222
223
224
225
226
227
228
229
230
231
232
233
234
235
236
237
238
239
240
241
242
243
244
245
246
247
248
249
12
30
50
54
84
102
106
220
224
239
13
29
52
53
83
104
105
222
223
240
0
1
2
3
4
5
6
7
8
9
10
11
12
13
14
15
16
17
18
19
20
21
22
23
24
25
26
27
28
29
30
31
32
33
34
35
36
37
38
39
40
41
42
43
44
45
46
47
48
49
50
51
52
53
54
55
56
57
58
59
60
61
62
63
64
65
66
67
68
69
70
71
72
73
74
75
76
77
78
79
80
81
82
83
84
85
86
87
88
89
90
91
92
93
94
95
96
97
98
99
100
101
102
103
104
105
106
107
108
109
110
111
112
113
114
115
116
117
118
119
120
121
122
123
124
125
126
127
128
129
130
131
132
133
134
135
136
137
138
139
140
141
142
143
144
145
146
147
148
149
150
151
152
153
154
155
156
157
158
159
160
161
162
163
164
165
166
167
168
169
170
171
172
173
174
175
176
177
178
179
180
181
182
183
184
185
186
187
188
189
190
191
192
193
194
195
196
197
198
199
200
201
202
203
204
205
206
207
208
209
210
211
212
213
214
215
216
217
218
219
220
221
222
223
224
225
226
227
228
229
230
231
232
233
234
235
236
237
238
239
240
241
242
243
244
245
246
247
248
249
11
14
31
51
55
85
103
107
221
225
)


// ************************************************************************* //
