/*--------------------------------*- C++ -*----------------------------------*\
| =========                 |                                                 |
| \\      /  F ield         | OpenFOAM: The Open Source CFD Toolbox           |
|  \\    /   O peration     | Version:  v3.0+                                 |
|   \\  /    A nd           | Web:      www.OpenFOAM.com                      |
|    \\/     M anipulation  |                                                 |
\*---------------------------------------------------------------------------*/
FoamFile
{
    version     2.0;
    format      ascii;
    class       vectorField;
    location    "constant/polyMesh";
    object      points;
}
// * * * * * * * * * * * * * * * * * * * * * * * * * * * * * * * * * * * * * //


292
(
(0 0 0)
(10 0 0)
(10 10 0)
(0 10 0)
(0 10 1)
(0 0 1)
(10 0 1)
(10 10 1)
(1 0 0)
(2 0 0)
(3 0 0)
(4 0 0)
(5 0 0)
(6 0 0)
(7 0 0)
(8 0 0)
(9 0 0)
(10 1 0)
(10 2 0)
(10 3 0)
(10 4 0)
(10 5 0)
(10 6 0)
(10 7 0)
(10 8 0)
(10 9 0)
(9 10 0)
(8 10 0)
(7 10 0)
(6 10 0)
(5 10 0)
(4 10 0)
(3 10 0)
(2 10 0)
(1 10 0)
(0 9 0)
(0 8 0)
(0 7 0)
(0 6 0)
(0 5 0)
(0 4 0)
(0 3 0)
(0 2 0)
(0 1 0)
(0 9 1)
(0 8 1)
(0 7 1)
(0 6 1)
(0 5 1)
(0 4 1)
(0 3 1)
(0 2 1)
(0 1 1)
(1 0 1)
(2 0 1)
(3 0 1)
(4 0 1)
(5 0 1)
(6 0 1)
(7 0 1)
(8 0 1)
(9 0 1)
(10 1 1)
(10 2 1)
(10 3 1)
(10 4 1)
(10 5 1)
(10 6 1)
(10 7 1)
(10 8 1)
(10 9 1)
(9 10 1)
(8 10 1)
(7 10 1)
(6 10 1)
(5 10 1)
(4 10 1)
(3 10 1)
(2 10 1)
(1 10 1)
(5.12292 4.93989 0)
(2.81373 2.96336 0)
(7.03664 2.81373 0)
(2.92857 7.07143 0)
(7.18639 7.0197 0)
(2.10736 4.93167 0)
(4.93066 2.24142 0)
(4.93167 7.89264 0)
(7.75858 4.93066 0)
(1.70503 1.70503 0)
(8.29497 1.70503 0)
(1.70503 8.29497 0)
(8.29497 8.29497 0)
(3.5929 1.51134 0)
(1.51134 3.5929 0)
(8.48866 3.5929 0)
(1.51134 6.4071 0)
(6.4071 1.51134 0)
(3.61659 8.47945 0)
(6.4071 8.48866 0)
(8.48866 6.4071 0)
(3.59843 4.33014 0)
(5.75398 3.59007 0)
(4.27989 6.36064 0)
(6.34685 5.74098 0)
(4.28016 3.11966 0)
(3.40472 5.68413 0)
(6.63151 4.22921 0)
(5.67506 6.50473 0)
(1.094 4.61939 0)
(5.3354 1.09843 0)
(4.6209 8.90541 0)
(8.90157 5.3354 0)
(2.60926 0.976651 0)
(9.02335 2.60926 0)
(0.993906 2.59701 0)
(2.61168 9.02241 0)
(0.993906 7.40299 0)
(7.39074 9.02335 0)
(7.40299 0.993906 0)
(9.00609 7.40299 0)
(2.54717 3.95879 0)
(5.98788 2.64265 0)
(3.95879 7.45283 0)
(7.34424 5.98976 0)
(2.51704 6.04778 0)
(6.04948 7.46724 0)
(4.64085 4.0002 0)
(6.01395 4.88941 0)
(0.998781 0.998781 0)
(9.00122 0.998781 0)
(0.968891 9.03111 0)
(9.00122 9.00122 0)
(4.29921 0.832487 0)
(9.16751 4.29921 0)
(0.831748 5.69325 0)
(5.6935 9.16815 0)
(2.00383 2.62976 0)
(7.37024 2.00383 0)
(2.06299 7.20615 0)
(7.99617 7.37024 0)
(2.73563 2.03448 0)
(2.72206 8.01265 0)
(7.96552 2.73563 0)
(7.27794 8.01265 0)
(3.73974 2.44513 0)
(7.51932 3.73246 0)
(4.12013 5.11246 0)
(5.08865 5.90323 0)
(5.05815 3.07287 0)
(3.45764 6.46084 0)
(6.81903 5.15601 0)
(6.45976 6.52862 0)
(3.50028 0.664095 0)
(9.3359 3.50028 0)
(0.719849 3.56186 0)
(3.56983 9.28145 0)
(0.667399 6.50067 0)
(6.49827 9.33603 0)
(6.4291 0.720735 0)
(9.27926 6.4291 0)
(1.79898 0.799714 0)
(9.20029 1.79898 0)
(0.799714 1.79898 0)
(1.79898 9.20029 0)
(0.799714 8.20102 0)
(8.20102 9.20029 0)
(8.20102 0.799714 0)
(9.20029 8.20102 0)
(3.56185 3.48863 0)
(3.01197 4.91476 0)
(6.52601 3.42929 0)
(4.92987 6.96897 0)
(4.37958 1.62576 0)
(8.36713 4.37813 0)
(1.68407 5.60876 0)
(5.60894 8.31507 0)
(1.82604 4.25998 0)
(5.72772 1.83822 0)
(4.28199 8.18258 0)
(8.1611 5.72782 0)
(5.6595 5.55281 0)
(2.18651 3.33066 0)
(6.66934 2.18651 0)
(7.81349 6.66934 0)
(5.50386 4.29909 0)
(5.12292 4.93989 1)
(2.81373 2.96336 1)
(7.03664 2.81373 1)
(2.92857 7.07143 1)
(7.18639 7.0197 1)
(2.10736 4.93167 1)
(4.93066 2.24142 1)
(4.93167 7.89264 1)
(7.75858 4.93066 1)
(1.70503 1.70503 1)
(8.29497 1.70503 1)
(1.70503 8.29497 1)
(8.29497 8.29497 1)
(3.5929 1.51134 1)
(1.51134 3.5929 1)
(8.48866 3.5929 1)
(1.51134 6.4071 1)
(6.4071 1.51134 1)
(3.61659 8.47945 1)
(6.4071 8.48866 1)
(8.48866 6.4071 1)
(3.59843 4.33014 1)
(5.75398 3.59007 1)
(4.27989 6.36064 1)
(6.34685 5.74098 1)
(4.28016 3.11966 1)
(3.40472 5.68413 1)
(6.63151 4.22921 1)
(5.67506 6.50473 1)
(1.094 4.61939 1)
(5.3354 1.09843 1)
(4.6209 8.90541 1)
(8.90157 5.3354 1)
(2.60926 0.976651 1)
(9.02335 2.60926 1)
(0.993906 2.59701 1)
(2.61168 9.02241 1)
(0.993906 7.40299 1)
(7.39074 9.02335 1)
(7.40299 0.993906 1)
(9.00609 7.40299 1)
(2.54717 3.95879 1)
(5.98788 2.64265 1)
(3.95879 7.45283 1)
(7.34424 5.98976 1)
(2.51704 6.04778 1)
(6.04948 7.46724 1)
(4.64085 4.0002 1)
(6.01395 4.88941 1)
(0.998781 0.998781 1)
(9.00122 0.998781 1)
(0.968891 9.03111 1)
(9.00122 9.00122 1)
(4.29921 0.832487 1)
(9.16751 4.29921 1)
(0.831748 5.69325 1)
(5.6935 9.16815 1)
(2.00383 2.62976 1)
(7.37024 2.00383 1)
(2.06299 7.20615 1)
(7.99617 7.37024 1)
(2.73563 2.03448 1)
(2.72206 8.01265 1)
(7.96552 2.73563 1)
(7.27794 8.01265 1)
(3.73974 2.44513 1)
(7.51932 3.73246 1)
(4.12013 5.11246 1)
(5.08865 5.90323 1)
(5.05815 3.07287 1)
(3.45764 6.46084 1)
(6.81903 5.15601 1)
(6.45976 6.52862 1)
(3.50028 0.664095 1)
(9.3359 3.50028 1)
(0.719849 3.56186 1)
(3.56983 9.28145 1)
(0.667399 6.50067 1)
(6.49827 9.33603 1)
(6.4291 0.720735 1)
(9.27926 6.4291 1)
(1.79898 0.799714 1)
(9.20029 1.79898 1)
(0.799714 1.79898 1)
(1.79898 9.20029 1)
(0.799714 8.20102 1)
(8.20102 9.20029 1)
(8.20102 0.799714 1)
(9.20029 8.20102 1)
(3.56185 3.48863 1)
(3.01197 4.91476 1)
(6.52601 3.42929 1)
(4.92987 6.96897 1)
(4.37958 1.62576 1)
(8.36713 4.37813 1)
(1.68407 5.60876 1)
(5.60894 8.31507 1)
(1.82604 4.25998 1)
(5.72772 1.83822 1)
(4.28199 8.18258 1)
(8.1611 5.72782 1)
(5.6595 5.55281 1)
(2.18651 3.33066 1)
(6.66934 2.18651 1)
(7.81349 6.66934 1)
(5.50386 4.29909 1)
)


// ************************************************************************* //
